MSE: 15.555872
MAE: 3.280824
DirAcc: 0.7059
