MSE: 4.875793
MAE: 1.875208
DirAcc: 0.8627
