MSE: 207.187174
MAE: 13.919815
DirAcc: 0.7255
