MSE: 11.705467
MAE: 2.627703
DirAcc: 0.8039
