MSE: 93.120091
MAE: 8.253277
DirAcc: 0.6275
