MSE: 72.848146
MAE: 7.384858
DirAcc: 0.7647
